# 1. Criar um vetor com as vendas diárias de 10 vendedores
vendas <- c(18, 25, 12, 30, 22, 17, 5, 21, 19, 15)
